New calibration run. Format is 'error steps'

Left

0 0
0 1
1 2
2 3
2 4
3 5
4 6
5 7
6 8
7 9
7 10
8 11
9 12
9 13
10 14
11 15
12 16
12 17
13 18
13 19
14 20
14 21
15 22
15 23
16 24
16 25
16 26
17 27
17 28
18 29
18 30
18 31
18 32
19 33
19 34
19 35
20 36
20 37
20 38
21 39
21 40
21 41
22 42
22 43
22 44
22 45
22 46
23 47
23 48
23 49
23 50

Up

0 0
0 1
1 2
2 3
3 4
3 5
4 6
5 7
6 8
7 9
7 10
8 11
9 12
9 13
10 14
11 15
12 16
13 17
13 18
14 19
14 20
14 21
15 22
15 23
16 24
16 25
17 26
17 27
17 28
18 29
18 30
18 31
19 32
19 33
19 34
20 35
20 36
20 37
21 38
21 39
21 40
21 41
22 42
22 43
22 44
22 45
22 46
23 47
23 48
23 49
24 50

Finished

New calibration run. Format is 'error steps'

Left

0 0
0 1
1 2
2 3
3 4
3 5
4 6
5 7
6 8
6 9
7 10
8 11
8 12
9 13
10 14
11 15
12 16
12 17
13 18
14 19
14 20
15 21
15 22
15 23
16 24
16 25
16 26
17 27
17 28
17 29
18 30
18 31
19 32
19 33
19 34
19 35
20 36
20 37
20 38
21 39
21 40
21 41
21 42
22 43
22 44
22 45
22 46
23 47
23 48
23 49
23 50

Up

1 0
1 1
2 2
3 3
4 4
4 5
5 6
6 7
7 8
7 9
8 10
9 11
10 12
11 13
11 14
12 15
13 16
13 17
14 18
14 19
15 20
15 21
15 22
16 23
16 24
17 25
17 26
17 27
18 28
18 29
18 30
19 31
19 32
19 33
20 34
20 35
20 36
21 37
21 38
21 39
21 40
22 41
22 42
22 43
22 44
23 45
23 46
23 47
23 48
23 49
24 50

Finished

